AxEyX[xy] 3 4 0 1 0 2 1 2 2 2 1 1 1
AxEyX[yx] 3 4 0 1 0 2 1 2 2 2 1 1 1
(X[xy]>-X[yx]) 3 4 0 1 0 2 1 2 2 2 1 1 1
(X[xy]>-X[yx]) 4 4 0 1 0 2 1 2 2 2 0 2 1
(X[xy]>-X[yx]) 4 4 0 1 0 2 1 2 2 2 2 2 1
(ExAyX[yx]>AxEyX[xy]) 4 4 0 0 1 0 2 0 3 0 1 1 1
ExEy(X[xy]^Ex(X[yx]^Ey(X[xy]^ExX[yx]))) 4 4 0 1 1 2 2 3 3 0 1 1 1
ExEy(X[xy]^Ex(X[yx]^Ey(X[xy]^ExX[yx]))) 4 4 0 1 2 1 2 3 3 0 1 1 1
AyX[yz] 6 7 0 0 1 0 2 0 3 0 4 0 5 0 5 5 1 2 0
ExAyX[yx] 6 7 0 0 1 0 2 0 3 0 4 0 5 0 5 5 1 2 0
ExEyEz((X[yx]^X[zx])^X[yz]) 4 4 1 0 2 0 3 0 3 1 1 1 1
ExEyEz((X[yx]^X[zx])^X[yz]) 4 4 1 2 2 0 3 0 3 1 1 1 1
ExEy(AzX[zx]^AzX[zy]) 7 14 0 0 0 1 1 0 1 1 2 0 2 1 3 0 3 1 4 0 4 1 5 0 5 1 6 0 6 1 1 1 1
ExEyAz(X[zx]^X[zy]) 7 14 0 0 0 1 1 0 1 1 2 0 2 1 3 0 3 1 4 0 4 1 5 0 5 1 6 0 6 1 1 1 1
Ax(EyX[xy]vX[zx]) 6 5 0 1 1 2 2 3 3 4 4 5 0 2 4
Ex((X[xx]^X[xy])^X[xz]) 4 4 3 0 3 1 3 2 3 3 0 1 2
Ex((X[xx]^X[xy])^X[xz]) 4 3 3 0 3 1 3 2 0 1 2
X[xy] 3 4 0 1 0 2 1 2 2 2 2 2 2
-X[xy] 3 4 0 1 0 2 1 2 2 2 1 2 3
(X[xy]^X[xy]) 3 4 0 1 0 2 1 2 2 2 2 2 2
(X[xy]^-X[xy]) 3 4 0 1 0 2 1 2 2 2 2 2 2
(X[xy]v-X[xy]) 3 4 0 1 0 2 1 2 2 2 0 1 2
(X[xy]>-X[yx]) 3 4 0 1 0 2 1 2 2 2 0 0 0
ExX[xy] 3 4 0 1 0 2 1 2 2 2 0 2 0
ExX[xy] 3 4 0 1 0 2 1 2 2 2 0 0 0
-AxX[xy] 3 4 0 1 0 2 1 2 2 2 0 1 2
AxX[xy] 3 4 0 1 0 2 1 2 2 2 0 1 2
EyX[zz] 3 4 0 1 0 2 1 2 2 2 1 1 2
ExEyX[xy] 3 4 0 1 0 2 1 2 2 2 0 0 0
AxEyX[xy] 3 4 0 1 0 2 1 2 2 2 1 1 1
AxEyX[yx] 3 4 0 1 0 2 1 2 2 2 1 1 1
ExAyX[yx] 3 4 0 1 0 2 1 2 2 2 1 1 1
(X[xy]>-X[yx]) 3 4 0 1 0 2 1 2 2 2 1 1 1
(X[xy]>-X[yx]) 3 4 0 1 0 2 1 2 2 2 0 2 1
(X[xy]>-X[yx]) 3 4 0 1 0 2 1 2 2 2 2 2 1
